name: fr
channels:
  - conda-forge
  - defaults
dependencies:
  - anyio=3.6.2=pyhd8ed1ab_0
  - bzip2=1.0.8=h8ffe710_4
  - ca-certificates=2022.12.7=h5b45459_0
  - click=8.1.3=win_pyhd8ed1ab_2
  - colorama=0.4.6=pyhd8ed1ab_0
  - fastapi=0.89.1=pyhd8ed1ab_0
  - h11=0.14.0=pyhd8ed1ab_0
  - idna=3.4=pyhd8ed1ab_0
  - libffi=3.4.2=h8ffe710_5
  - libsqlite=3.40.0=hcfcfb64_0
  - libzlib=1.2.13=hcfcfb64_4
  - openssl=3.0.7=hcfcfb64_1
  - pip=22.3.1=pyhd8ed1ab_0
  - pydantic=1.10.4=py311ha68e1ae_1
  - python=3.11.0=hcf16a7b_0_cpython
  - python_abi=3.11=3_cp311
  - setuptools=66.1.1=pyhd8ed1ab_0
  - sniffio=1.3.0=pyhd8ed1ab_0
  - starlette=0.22.0=pyhd8ed1ab_0
  - tk=8.6.12=h8ffe710_0
  - typing-extensions=4.4.0=hd8ed1ab_0
  - typing_extensions=4.4.0=pyha770c72_0
  - tzdata=2022g=h191b570_0
  - ucrt=10.0.22621.0=h57928b3_0
  - uvicorn=0.20.0=py311h1ea47a8_1
  - vc=14.3=hb6edc58_10
  - vs2015_runtime=14.34.31931=h4c5c07a_10
  - wheel=0.38.4=pyhd8ed1ab_0
  - xz=5.2.6=h8d14728_0
prefix: C:\Users\75935\anaconda3\envs\fr
